500
-91 -823 416
-997 667 51
-318 -443 386
712 659 103
609 188 504
253 -57 26
740 -344 154
-914 429 955
-515 947 235
-518 -503 523
314 -652 46
-412 899 664
-317 -110 680
250 -406 918
20 792 339
-104 -684 319
-555 560 841
66 693 921
706 139 689
-319 538 201
-260 -948 164
-592 458 345
182 -31 223
549 560 553
859 837 755
748 -56 296
552 -304 34
957 121 361
-59 -368 255
-313 146 19
532 -155 280
40 -432 444
-195 531 818
-355 -340 366
-785 -756 168
77 -399 49
221 -634 205
-215 -745 199
330 402 560
-72 -572 158
-786 65 126
396 911 233
268 -639 927
516 -123 626
-459 -432 839
-595 858 31
-687 -241 631
996 92 483
-723 95 407
235 345 583
287 -289 660
636 -168 355
-760 342 739
-400 -340 374
647 -435 505
-730 -951 254
740 654 649
219 -231 286
-846 -979 321
-182 -517 970
201 303 910
-38 -740 147
-728 -448 667
-939 380 390
194 985 429
-503 830 773
761 987 255
997 -123 988
621 736 293
-842 300 633
927 177 718
-883 -556 91
326 -717 479
603 276 408
510 -835 378
308 225 821
-550 -166 125
515 -986 802
508 692 760
688 -522 43
-16 -881 197
394 -623 989
-344 -458 128
-40 -894 872
-443 57 645
24 632 870
-601 236 532
774 843 594
-415 -943 50
-466 -302 972
-816 953 845
-40 611 648
475 -287 840
245 -695 459
-131 -923 464
914 705 858
687 -403 326
-907 636 882
608 -105 731
700 718 180
703 902 421
86 37 881
-126 502 640
-6 223 431
313 -916 103
-195 -287 211
388 393 398
-848 -546 216
321 -528 362
751 -716 699
-685 699 392
667 724 889
185 223 850
794 444 801
-965 -972 368
-486 -410 487
695 677 163
-430 776 416
-759 -643 674
556 -889 2
123 888 831
815 -61 545
-977 -477 95
-180 472 869
207 -147 334
-145 -470 504
-135 -306 233
919 -714 156
-992 857 693
-735 36 977
-231 72 554
-413 -117 255
-209 -473 181
-252 991 90
-80 545 627
-25 474 597
357 -18 302
909 417 538
-768 -136 521
23 -452 569
-277 747 320
691 -525 490
-971 249 712
746 -985 607
-657 -853 158
-537 -346 171
-166 -835 508
215 190 166
328 -328 352
876 -494 151
999 81 603
-929 -926 228
-825 452 374
497 -52 540
-184 912 424
901 337 993
-462 913 348
900 74 835
-669 634 841
-723 243 496
818 634 579
516 615 378
-357 740 902
-526 369 409
-269 -244 971
318 12 91
746 400 225
544 929 52
-520 -200 859
825 -616 771
253 -792 907
875 568 38
-477 -924 873
-825 -412 705
-141 672 409
324 -127 717
820 421 422
544 -889 286
-504 -797 633
143 244 117
20 328 87
-599 136 947
-419 -826 23
-527 -161 907
182 177 908
-907 -936 386
696 505 789
-514 -446 309
-715 850 636
-412 -947 921
-122 -467 893
802 112 677
895 552 866
851 -86 127
-448 627 526
-703 -606 551
-528 399 656
273 840 639
-154 652 464
72 -224 695
-469 622 596
235 597 499
397 -518 965
281 192 76
940 -15 941
369 -605 543
-549 980 74
354 -530 15
-532 -459 495
6 -106 559
240 -660 92
346 296 300
3 242 642
-316 148 283
909 391 258
-291 -264 424
833 167 270
121 -836 120
-336 -196 147
835 -546 185
459 157 400
-510 -923 613
578 887 838
536 300 44
628 236 711
-382 -479 355
14 404 461
611 -986 635
59 660 698
216 -205 426
-203 -363 685
-546 -339 876
-963 -293 611
895 -736 124
-406 540 754
959 -492 725
693 -731 430
-399 656 994
-386 -999 665
-549 48 559
966 -32 832
-754 -458 452
-569 -965 871
131 -640 336
284 753 987
-7 393 49
969 177 252
-393 616 789
602 -865 865
174 901 162
-824 -815 250
-680 317 438
134 -280 803
262 -351 78
-612 -639 474
263 516 524
-311 -643 811
-554 -22 61
72 -721 897
-207 -920 497
423 -333 980
598 -217 724
-766 -908 903
73 36 958
253 -150 1
-147 203 643
-718 113 474
-892 986 583
980 -346 345
-732 541 429
-131 -27 883
695 581 485
-831 399 336
170 -671 165
0 -388 413
899 -318 500
-255 100 474
413 706 149
385 -35 294
-80 -340 194
815 -728 111
-649 33 247
812 123 742
-689 635 213
730 -697 840
-996 789 75
-695 584 752
21 -161 681
-407 206 830
246 909 519
708 -554 361
-17 467 565
540 -582 756
-263 444 406
-286 -723 140
211 -260 509
-230 487 308
769 443 224
-311 -120 992
13 738 788
-343 365 596
536 -991 70
807 -622 441
285 -193 283
763 -473 247
149 -408 862
424 979 139
90 165 139
-554 -730 264
-724 1 611
-667 781 162
984 -544 180
-906 421 841
-611 52 868
-988 528 69
50 877 186
-349 895 67
421 -290 531
447 95 73
537 590 101
-680 -364 590
486 13 670
-659 -266 919
-112 -292 19
669 -98 320
-848 -982 956
-12 -890 340
-913 773 291
-503 786 767
-19 559 899
-1000 417 825
-380 309 410
296 788 782
-343 749 248
635 -294 904
268 -490 506
-807 756 364
-701 -329 854
976 994 232
-450 294 100
-44 -567 419
904 -607 658
612 -790 869
-568 -82 1
885 -238 859
-156 -944 918
618 -363 25
-50 362 766
-922 877 789
-809 687 847
222 4 985
225 -606 811
182 369 930
-273 265 503
-523 415 671
-366 161 14
-567 990 376
-283 654 640
-502 -46 868
777 369 363
-314 -422 616
-802 -16 91
203 270 99
741 119 358
-738 287 557
-161 -251 749
-508 340 326
-763 328 172
-284 490 873
-336 -190 644
948 -876 923
180 -683 17
229 600 785
317 761 134
643 20 172
604 147 544
-103 -551 791
-658 -681 367
-336 -479 546
486 -898 922
179 -829 990
-703 969 53
-679 761 127
780 -868 633
309 -747 145
-122 959 723
232 94 139
607 -287 40
-812 -88 238
-849 749 905
448 -416 838
-594 -7 967
837 303 532
-774 858 838
-137 -796 793
-291 824 43
782 223 844
-406 555 16
-906 -765 135
959 331 13
-127 629 870
-664 -110 407
66 415 371
989 508 728
932 473 922
480 -765 306
107 -204 859
674 776 256
998 -88 811
-178 -997 167
819 379 925
-60 815 402
301 483 560
-75 777 431
539 585 978
-601 759 344
105 -554 768
15 -629 720
-103 288 410
426 111 35
696 -447 52
-212 386 935
-824 440 587
-549 371 456
924 690 518
144 874 907
155 298 827
404 -611 727
955 -38 260
-401 597 976
-138 590 629
473 -598 523
236 90 639
-345 340 452
223 -350 725
-536 1 844
-440 579 524
-434 -973 358
-455 969 554
-158 681 610
-623 -234 611
-999 289 87
-689 -769 466
-297 359 461
762 767 972
228 193 104
-29 52 813
-650 709 292
371 -590 22
-319 -781 764
357 710 78
12 -461 268
-688 379 39
728 -636 458
-853 79 319
86 214 994
-296 292 743
539 673 887
734 606 775
835 -692 549
818 431 670
-516 65 587
-137 -573 888
446 -445 725
-384 -890 501
300 661 861
-37 954 167
-2 712 137
876 -233 165
334 444 646
-426 -294 309
658 185 834
-546 710 550
-840 -844 965
435 -118 503
34 84 171
74 -717 431
89 634 306
735 -606 710
251 666 264
-468 -226 421
-375 -881 807
155 -236 857
-830 -61 915
289 22 468
125 544 714
825 417 728
-389 -765 772
-609 25 5
449 -787 926
-826 869 317
-537 -321 42
-672 -763 757
555 253 924
795 847 600
-988 97 687
-138 438 805
257 387 175
-620 479 739
498 693 989
100
34 82
